theta_0: 0.396374 0.396436 0.396567 0.396766 0.397022 0.397335 0.397697 0.398105 0.398556 0.399047 0.399566 0.400116 0.400692 0.401289 0.401895 0.402515 0.403134 0.403742 0.404341 0.404917 0.405453 0.405941 0.406374 0.406728 0.407003 0.407127 
theta_init: 0.395946 0.396009 0.396142 0.396344 0.396604 0.396922 0.397291 0.397706 0.398166 0.398666 0.399195 0.399755 0.400342 0.40095 0.401566 0.402197 0.402825 0.403443 0.404051 0.404634 0.405177 0.405671 0.406108 0.406467 0.406743 0.406868 
theta_100: 0.39629 0.396353 0.396486 0.396688 0.396949 0.397267 0.397636 0.398051 0.398511 0.399011 0.39954 0.4001 0.400687 0.401295 0.401911 0.402541 0.403169 0.403787 0.404395 0.404978 0.40552 0.406014 0.406451 0.406809 0.407086 0.40721 
theta_1000: 0.396291 0.396353 0.396486 0.396688 0.396949 0.397268 0.397636 0.398052 0.398511 0.399011 0.39954 0.4001 0.400687 0.401295 0.401911 0.402541 0.40317 0.403787 0.404395 0.404978 0.40552 0.406014 0.406451 0.406809 0.407086 0.40721 
theta_end_200000: 0.396374 0.396436 0.396567 0.396766 0.397022 0.397335 0.397697 0.398105 0.398556 0.399047 0.399566 0.400116 0.400692 0.401289 0.401895 0.402515 0.403134 0.403742 0.404341 0.404917 0.405453 0.405941 0.406373 0.406728 0.407003 0.407127 
